$ANSIBLE_VAULT;1.1;AES256
35656564613931393138643238626434376462383166366665616433656634633162323936326238
3366336637346333356438396636343237366534343662390a393066623866316365663032303162
37393535373434356331656134613363636265356437333132613533313164666330353932633763
3966333330343166650a373763643564616262306130376263353336336431393265313666636232
31306238343031363032393161306631326531316165346165613933386335613165386230353736
30363632366230643537616535373165393866633132366163353065643564373235313963353866
63326462386532333465653463323835313636316236303533393235643434663766633864613036
61323435343033646433303763363638383861663037656231313166316231643064343366613834
37323265343637623031623239396332653861373238383437393737363635326265393938313832
62313365353863373936313935343537396237646534353933323735343632646135326336333234
623839663163323664333562393933393032
